53
120
153
178
302
328
332
353
388
412
425
442
447
451
456
460
472
473
480
481
485
489
495
500
501
502
505
506
507
517
518
520
521
522
525
527
528
532
533
535
536
537
541
546
548
549
552
554
559
561
562
563
566
567
568
569
570
571
572
573
574
575
576
577
579
582
583
586
592
596
597
598
600
602
606
608
609
610
616
617
618
619
621
622
623
624
627
628
629
630
632
634
637
640
642
645
646
648
649
650
651
652
656
658
661
662
663
667
668
670
672
678
680
684
685
686
689
690
692
695
696
697
698
699
702
704
705
706
709
710
712
713
715
716
719
720
721
722
723
726
727
728
729
734
735
736
737
738
739
740
741
743
744
747
749
750
751
752
754
755
756
760
761
762
763
764
765
766
768
769
771
772
774
775
777
779
781
782
783
784
789
790
791
792
794
795
801
813
818
826
827
834
836
838
844
856
858
865
877
884
885
890
914
915
943
945
946
952
957
962
968
969
977
982
991
1001
1004
1005
1015
1022
1032
1036
1050
1058
1063
1066
1074
1088
1099
1115
1117
1128
1134
1136
1147
1153
1158
1163
1186
1202
1206
1221
1227
1230
1233
1239
1244
1246
1248