826
162
733
702
735
847
370
242
138
676
843
513
554
270
628
190
220
341
387
145
200
271
108
570
388
637
118
91
940
471
663
411
570
146
812
137
792
720
821
481
190
704
686
115
0
628
937
226
199
429
804
138
699
404
576
242
435
276
764
604
264
884
868
675
46
151
434
601
3
888
375
84
65
40
62
945
921
689
72
87
496
203
783
764
431
608
16
290
660
390
267
747
872
180
157
312
854
747
27
241
151
482
105
790
498
631
14
139
950
943
582
356
708
213
214
243
141
380
655
276
523
845
820
263
933
281
912
78
554
11
250
737
460
332
215
338
810
470
159
764
270
731
830
877
145
297
42
690
249
328
172
664
733
103
381
765
13
371
279
143
117
80
416
921
875
629
502
121
936
327
209
340
886
732
170
910
309
730
371
196
57
378
904
188
396
932
643
497
37
336
285
638
861
938
93
487
678
703
15
759
447
252
156
901
407
791
280
175
398
160
437
693
566
280
338
852
157
946
373
471
437
142
152
527
151
688
658
150
253
783
249
908
909
907
667
693
200
150
455
832
266
295
219
266
170
269
946
108
318
940
70
477
373
221
231
525
600
556
147
336
24
343
48
713
912
939
34
620
702
460
230
378
721
405
443
103
313
591
509
791
261
354
77
89
395
911
570
117
104
486
90
524
622
14
398
77
580
74
407
543
289
12
717
576
32
803
650
930
798
779
590
541
399
305
663
892
466
8
820
904
260
871
594
847
528
244
493
733
389
804
355
825
805
578
649
571
657
722
700
412
598
831
884
917
647
332
802
52
142
218
674
519
491
618
649
551
205
305
461
382
756
869
343
245
486
138
423
786
813
80
862
950
412
529
886
316
845
637
15
446
774
922
683
791
297
178
38
412
875
924
493
189
851
860
307
85
661
891
297
71
591
772
336
144
286
894
790
662
452
616
433
475
483
399
829
638
42
877
604
560
145
115
172
8
944
342
155
765
264
544
798
201
833
102
637
87
363
519
73
118
634
507
512
666
363
534
513
651
709
76
871
400
704
899
673
56
138
374
796
538
915
857
692
313
221
913
816
692
522
949
688
244
73
389
153
30
888
18
204
16
825
773
368
340
905
536
442
1
28
435
584
867
504
59
28
785
815
913
436
530
923
477
566
422
356
233
79
925
441
381
404
497
223
465
350
564
449
730
12
372
168
191
490
247
645
650
537
183
409
920
585
275
783
859
82
113
181
491
771
559
9
719
887
897
325
374
554
328
392
470
924
948
213
196
577
8
379
11
99
185
266
580
550
154
140
251
929
224
0
492
613
731
929
876
384
386
427
187
309
117
469
147
118
126
714
62
548
5
70
176
799
426
797
236
383
435
303
68
19
633
83
298
369
685
875
376
142
602
654
327
887
453
221
237
84
736
713
811
119
828
782
201
621
628
322
641
831
309
629
253
450
461
395
693
414
689
213
278
165
902
525
221
916
88
862
429
628
590
711
237
104
515
440
693
271
67
244
452
50
677
649
405
104
609
483
805
859
198
474
542
36
357
117
17
781
730
765
743
675
781
850
213
19
576
871
571
762
47
591
529
173
213
899
1
912
195
262
450
755
434
387
396
508
593
824
293
575
658
420
410
306
141
808
245
717
195
578
362
847
369
731
570
199
403
197
278
655
602
509
210
326
129
149
667
240
164
897
403
218
220
162
602
374
238
299
246
145
601
790
112
562
148
79
515
328
544
621
124
797
25
570
27
218
370
407
276
90
325
722
152
782
937
902
264
659
890
582
51
859
239
879
78
556
236
919
72
53
846
345
371
856
56
496
802
641
35
137
723
141
587
826
631
314
589
73
914
897
137
525
603
277
698
47
516
2
859
746
701
637
630
559
887
311
290
443
295
182
119
113
319
938
47
432
620
269
518
882
131
308
818
172
261
198
92
163
632
410
420
233
220
604
835
416
80
772
853
58
243
852
751
734
442
121
371
602
301
165
30
804
127
703
424
748
99
846
319
26
784
165
283
699
2
592
690
436
575
788
385
102
102
664
425
357
762
157
823
915
901
789
242
336
695
557
554
683
244
57
893
928
447
809
19
597
609
674
512
503
481
356
58
367
741
692
293
186
783
324
830
630
0
166
917
551
126
423
460
327
879
788
603
642
793
840
856
877
437
675
129
504
506
793
746
789